string = """Ankle_L = [0.018174241583894801, -0.99983460134051794, -0.00068330454258742901, 0.0, 0.98834259655887879, 0.018068660947627272, -0.15117021968236152, 0.0, 0.15115756272877637, 0.0020720651069363739, 0.9885075102274582, 0.0, 1.6221435047677522, 0.76074996223125935, -0.40725333263671454, 1.0]
Ankle_R = [0.018174241583895356, 0.99983460134051794, 0.00068330454258745687, 0.0, 0.98834259655887857, -0.018068660947627935, 0.15117021968236136, 0.0, 0.15115756272877626, -0.0020720651069364164, -0.98850751022745853, 0.0, -1.6221435047677522, 0.76074996223125935, -0.40725333263671454, 1.0]
ArmPoleV_L = [1.0, 0.0, 0.0, 0.0, 0.0, 1.0, 0.0, 0.0, 0.0, 0.0, 1.0, 0.0, 3.1051068727565854, 9.6335812110855041, -5.4653966163082339, 1.0]
ArmPoleV_R = [1.0, 0.0, 0.0, 0.0, 0.0, -1.0, 0.0, 0.0, 0.0, 0.0, -1.0, 0.0, -3.1051068727565854, 9.6335812110855041, -5.4653966163082339, 1.0]
BallPiv_L = [0.018174241583894798, -0.99983460134051771, -0.0006833045425874289, 0.0, 0.98834259655887857, 0.018068660947627269, -0.1511702196823615, 0.0, 0.15115756272877637, 0.0020720651069363739, 0.98850751022745809, 0.0, 1.7905321954973432, 0.017145653502780404, 0.60478252992187864, 1.0]
BallPiv_R = [0.018174241583895356, 0.99983460134051794, 0.00068330454258745687, 0.0, 0.98834259655887857, -0.018068660947627935, 0.15117021968236136, 0.0, 0.15115756272877626, -0.0020720651069364164, -0.98850751022745853, 0.0, -1.7905321954973434, 0.017145653502780408, 0.60478252992187875, 1.0]
Ball_L = [0.018174241583894801, -0.99983460134051794, -0.00068330454258742901, 0.0, 0.98834259655887857, 0.018068660947627269, -0.1511702196823615, 0.0, 0.15115756272877637, 0.0020720651069363739, 0.9885075102274582, 0.0, 1.7872271709844576, 0.1431124418346098, 0.60502387160206306, 1.0]
Ball_R = [0.018174241583895356, 0.99983460134051794, 0.00068330454258745687, 0.0, 0.98834259655887857, -0.018068660947627935, 0.15117021968236136, 0.0, 0.15115756272877626, -0.0020720651069364164, -0.98850751022745853, 0.0, -1.7872271709844576, 0.14311244183460969, 0.60502387160206328, 1.0]
BankIn_L = [0.018174241583894798, -0.99983460134051771, -0.0006833045425874289, 0.0, 0.98834259655887879, 0.018068660947627272, -0.15117021968236152, 0.0, 0.1511575627287764, 0.0020720651069363744, 0.98850751022745831, 0.0, 1.3918088910502375, 0.0098562821602363182, 0.66576855818334124, 1.0]
BankIn_R = [0.018174241583895356, 0.99983460134051794, 0.00068330454258745687, 0.0, 0.98834259655887857, -0.018068660947627935, 0.15117021968236136, 0.0, 0.15115756272877626, -0.0020720651069364164, -0.98850751022745853, 0.0, -1.3918153014401646, 0.009856399353568402, 0.66576757769332018, 1.0]
BankOut_L = [0.018174241583894798, -0.99983460134051771, -0.0006833045425874289, 0.0, 0.98834259655887902, 0.018068660947627276, -0.15117021968236155, 0.0, 0.15115756272877642, 0.0020720651069363748, 0.98850751022745853, 0.0, 2.17022161201945, 0.024087051512363393, 0.54670779682168036, 1.0]
BankOut_R = [0.018174241583895356, 0.99983460134051794, 0.00068330454258745687, 0.0, 0.98834259655887846, -0.018068660947627931, 0.15117021968236133, 0.0, 0.15115756272877626, -0.0020720651069364164, -0.98850751022745853, 0.0, -2.1702155076428467, 0.024086939913499264, 0.54670873050596702, 1.0]
Chest = [1.0, 0.0, 0.0, 0.0, 0.0, 1.0, 0.0, 0.0, 0.0, 0.0, 1.0, 0.0, 0.0, 11.494969012967566, 0.2400880494099395, 1.0]
Collar_L = [1.0, 0.0, 0.0, 0.0, 0.0, 1.0, 0.0, 0.0, 0.0, 0.0, 1.0, 0.0, 0.17490657778752969, 12.227206010005643, -0.16059757053218804, 1.0]
Collar_R = [1.0, 0.0, 0.0, 0.0, 0.0, -1.0, 0.0, 0.0, 0.0, 0.0, -1.0, 0.0, -0.17490700000000034, 12.227168439982778, -0.1605979999999893, 1.0]
Elbow_L = [0.39299461263625113, -0.91250830779721914, 0.11350692771782164, 0.0, 0.91813983445409009, 0.39620613347586653, 0.0063201411946298709, 0.0, -0.050739322300353988, 0.10173145038364313, 0.99351710260837545, 0.0, 3.0764077951260873, 9.6210639113174476, -0.51152037159368102, 1.0]
Elbow_R = [0.37802024538477236, 0.88055719822220679, -0.28586660304815903, 0.0, 0.91813983445409009, -0.39620613347586642, -0.0063201411946283564, 0.0, -0.11882734730630211, -0.26007637427333008, -0.95824858000259316, 0.0, -3.0764077951260882, 9.6210639113174476, -0.51152037159368091, 1.0]
Eye_L = [1.0, 0.0, 0.0, 0.0, 0.0, 0.99999298518260682, 0.0037456088394689493, 0.0, 0.0, -0.0037456088394689493, 0.99999298518260682, 0.0, 0.39574836256092644, 14.936761973228796, 0.99056559052434112, 1.0]
Eye_R = [1.0, 0.0, 0.0, 0.0, -0.0, -0.9999929851826066, -0.0037456088394690699, 0.0, 0.0, 0.0037456088394690699, -0.9999929851826066, 0.0, -0.39574836256092649, 14.936761973228794, 0.99056559052434134, 1.0]
Head = [1.0, 0.0, 0.0, 0.0, 0.0, 0.99999298518260682, 0.0037456088394689493, 0.0, 0.0, -0.0037456088394689493, 0.99999298518260682, 0.0, 1.3081544919489849e-15, 14.215026835290589, -0.04734067085083566, 1.0]
Heel_L = [0.018174241583894798, -0.99983460134051783, -0.0006833045425874289, 0.0, 0.98834259655887857, 0.018068660947627269, -0.1511702196823615, 0.0, 0.15115756272877637, 0.0020720651069363739, 0.9885075102274582, 0.0, 1.5935257488363872, 0.0144450922898407, -0.68355693893689928, 1.0]
Heel_R = [0.018174241583895356, 0.99983460134051794, 0.00068330454258745687, 0.0, 0.98834259655887857, -0.018068660947627935, 0.15117021968236136, 0.0, 0.15115756272877626, -0.0020720651069364164, -0.98850751022745853, 0.0, -1.5935257488363872, 0.014445092289840589, -0.68355693893689917, 1.0]
Hip_L = [1.0, 0.0, 0.0, 0.0, 0.0, 1.0, 0.0, 0.0, 0.0, 0.0, 1.0, 0.0, 0.93949800000000028, 7.5862047844329652, -0.069412000000000029, 1.0]
Hip_R = [1.0, 0.0, 0.0, 0.0, 0.0, -1.0, 1.2246467991473532e-16, 0.0, 0.0, -1.2246467991473532e-16, -1.0, 0.0, -0.93949800000000039, 7.5862047844329652, -0.069412000000000029, 1.0]
Knee_L = [0.099397674047795509, -0.99383110107195971, -0.049191919417563158, 0.0, 0.99503093812817711, 0.098986746823076177, 0.010726421637435729, 0.0, -0.0057909033533673493, -0.050013663088000634, 0.99873174523636321, 0.0, 1.3062835412451537, 3.9104511734406833, -0.17308769456947282, 1.0]
Knee_R = [0.099397674047795509, 0.99383110107195971, 0.049191919417563158, 0.0, 0.995030938128177, -0.098986746823076274, -0.010726421637435932, 0.0, -0.0057909033533675566, 0.050013663088000641, -0.99873174523636299, 0.0, -1.3062835412451546, 3.9104511734406833, -0.17308769456947259, 1.0]
LegPoleV_L = [1.0, 0.0, 0.0, 0.0, 0.0, 1.0, 0.0, 0.0, 0.0, 0.0, 1.0, 0.0, 1.2153557549755487, 4.1734771654667462, 5.8344951080395946, 1.0]
LegPoleV_R = [1.0, 0.0, 0.0, 0.0, 0.0, -1.0, 1.2246467991473532e-16, 0.0, 0.0, -1.2246467991473532e-16, -1.0, 0.0, -1.2153557549755489, 4.1734771654667462, 5.8344951080395946, 1.0]
LowerArm_L = [0.37802027608209171, -0.88055726540915691, 0.28586635549845052, 0.0, 0.91813983445408964, 0.39620613347586703, 0.0063201411946281335, 0.0, -0.11882724965022028, 0.26007614679407026, 0.95824865385207436, 0.0, 3.5695284983671929, 8.4723926750416219, -0.13861282925598314, 1.0]
LowerArm_R = [0.37904627475459496, 0.88011499524889469, -0.2858697548407354, 0.0, 0.91923622650271897, -0.3936455257438724, 0.0069253120415369495, 0.0, -0.10643627896401869, -0.26540684844191254, -0.95824345722808135, 0.0, -3.5681901240635918, 8.4718157120397688, -0.13861656323104643, 1.0]
LowerLeg_L = [0.099510140212866791, -0.99229799644095795, -0.073772747367010269, 0.0, 0.995030938121377, 0.098986746764347586, 0.010726422810191432, 0.0, -0.0033412836018031121, -0.074473553858212235, 0.99721739134434517, 0.0, 1.4642135213642349, 2.3356005853985655, -0.2901705233367663, 1.0]
LowerLeg_R = [0.099510140212866874, 0.99229799644095773, 0.073772747367011629, 0.0, 0.995030938121377, -0.098986746764347905, -0.010726422810191361, 0.0, -0.0033412836018028949, 0.074473553858213609, -0.99721739134434506, 0.0, -1.464213521364236, 2.3356005853985677, -0.29017052333676818, 1.0]
NeckMiddle = [1.0, 0.0, 0.0, 0.0, 0.0, 0.99999298518260682, 0.0037456088394689493, 0.0, 0.0, -0.0037456088394689493, 0.99999298518260682, 0.0, -1.031076518683917e-16, 13.645082793679874, -0.049475473266344522, 1.0]
Neck = [1.0, 0.0, 0.0, 0.0, 0.0, 0.98748763009894647, 0.15769648189343421, 0.0, 0.0, -0.15769648189343421, 0.98748763009894647, 0.0, 0.0, 13.23158362789607, -0.11550907381224906, 1.0]
Root = [1.0, 0.0, 0.0, 0.0, 0.0, 1.0, 0.0, 0.0, 0.0, 0.0, 1.0, 0.0, 0.0, 7.237139784432963, 0.076105999999999993, 1.0]
Shoulder_L = [1.0, 0.0, 0.0, 0.0, 0.0, 1.0, 0.0, 0.0, 0.0, 0.0, 1.0, 0.0, 1.924328117720457, 12.288765962630883, -0.38330657863568673, 1.0]
Shoulder_R = [1.0, 0.0, 0.0, 0.0, 0.0, -1.0, 0.0, 0.0, 0.0, 0.0, -1, 0.0, -1.9243281177204568, 12.288765962630881, -0.38330657863568673, 1.0]
ToePiv_L = [0.018174241583894798, -0.99983460134051771, -0.00068330454258741502, 0.0, 0.98834259655887857, 0.018068660947627269, -0.15117021968236144, 0.0, 0.15115756272877631, 0.00207206510693636, 0.9885075102274582, 0.0, 1.8583487380596551, 0.018068558121487666, 1.0581122490807982, 1.0]
ToePiv_R = [0.018174241583895356, 0.99983460134051794, 0.00068330454258745687, 0.0, 0.98834259655887835, -0.018068660947627931, 0.15117021968236133, 0.0, 0.15115756272877626, -0.0020720651069364164, -0.98850751022745853, 0.0, -1.8583476477534795, 0.018068543283683108, 1.0581049607677426, 1.0]
Thumb0_L = [-0.43991418987590603, -0.6938044967960576, 0.57015670780165251, 0.0, -0.25056898733574001, 0.70451029862593617, 0.66396405580073481, 0.0, -0.86235638445551754, 0.14922601996766005, -0.48377774528521345, 0.0, 3.9738220297971343, 7.1266957257491175, 0.46748865381436722, 1.0]
Thumb0_R = [-0.43991418987590603, 0.69380449679605749, -0.57015670780165295, 0.0, -0.25056898733573935, -0.70451029862593628, -0.66396405580073503, 0.0, -0.86235638445551788, -0.14922601996766027, 0.48377774528521272, 0.0, -3.9738220297971365, 7.126695725749121, 0.46748865381436799, 1.0]
Thumb1_L = [-0.098259408291184402, -0.91669074128302186, 0.38728674029467408, 0.0, -0.62033198414808255, 0.36072814976530065, 0.69644186913886086, 0.0, -0.77813955291129744, -0.17181714842445389, -0.60410723334696126, 0.0, 3.8145913555181763, 6.8755673002855948, 0.67386171273645612, 1.0]
Thumb1_R = [-0.098259408291184583, 0.91669074128302153, -0.38728674029467408, 0.0, -0.62033198414808211, -0.36072814976530104, -0.69644186913886141, 0.0, -0.77813955291129844, 0.17181714842445389, 0.60410723334696126, 0.0, -3.8145913555181785, 6.8755673002855984, 0.67386171273645701, 1.0]
Thumb2_L = [-0.062976943187935619, -0.93566096636652973, 0.34723545418743423, 0.0, -0.62491061018146765, 0.30824742377329067, 0.71726581894006025, 0.0, -0.77815206348716315, -0.17181991082287257, -0.60411694590988874, 0.0, 3.7861004401215324, 6.6097672226239812, 0.78615786782095032, 1.0]
Thumb2_R = [-0.062976943187937243, 0.93566096636653007, -0.34723545418743634, 0.0, -0.6249106101814671, -0.30824742377329312, -0.71726581894005992, 0.0, -0.77815206348716348, 0.17181991082287232, 0.60411694590988785, 0.0, -3.7861004401215346, 6.6097672226239821, 0.78615786782095209, 1.0]
Thumb3_L = [-0.018541366653038578, -0.95513441298380453, 0.29553733526670384, 0.0, -0.62779208309556467, 0.24117414107071208, 0.74005403840608908, 0.0, -0.77813955291129788, -0.171817148424454, -0.60410723334696148, 0.0, 3.7818039276639071, 6.3884379656773875, 0.85464148428935272, 1.0]
Thumb3_R = [-0.018541366653038585, 0.95513441298380486, -0.29553733526670362, 0.0, -0.62779208309556411, -0.24117414107071228, -0.74005403840608919, 0.0, -0.77813955291129844, 0.17181714842445367, 0.60410723334696115, 0.0, -3.7818039276639088, 6.3884379656773911, 0.8546414842893546, 1.0]
Index0_L = [0.16731841028525951, -0.8419827762862806, 0.51287171855804947, 0.0, 0.66155710097146636, 0.48158422086341118, 0.57479273312163204, 0.0, -0.73096826019579553, 0.24312442973188497, 0.63760784180693919, 0.0, 4.1484613800348669, 7.0708875031920932, 0.45862050479543975, 1.0]
Index0_R = [0.16731841028525987, 0.84198277628627993, -0.51287171855804936, 0.0, 0.66155710097146636, -0.48158422086341168, -0.57479273312163204, 0.0, -0.73096826019579597, -0.24312442973188508, -0.63760784180693997, 0.0, -4.1484613800348695, 7.0708875031920959, 0.45862050479544059, 1.0]
Index1_L = [0.03474566159693751, -0.98722394903379851, 0.15540096246203711, 0.0, 0.84640221539497384, 0.11174709208129051, 0.52065701077165971, 0.0, -0.53137921906534469, 0.11344297045349241, 0.83948476083846602, 0.0, 4.2397344386204487, 6.6115815419591994, 0.73839468108022532, 1.0]
Index1_R = [0.034745661596937406, 0.98722394903379895, -0.15540096246203711, 0.0, 0.84640221539497507, -0.11174709208129024, -0.52065701077165938, 0.0, -0.53137921906534447, -0.11344297045349265, -0.83948476083846724, 0.0, -4.2397344386204514, 6.611581541959203, 0.73839468108022621, 1.0]
Index2_L = [-0.15190234682656772, -0.98769072159316995, 0.037319103785394395, 0.0, 0.83339829797265275, -0.10769084044760135, 0.5420792929267586, 0.0, -0.53138776234014518, 0.11344479433827367, 0.83949825769484532, 0.0, 4.2500558774775365, 6.3183198465450143, 0.78455761074295849, 1.0]
Index2_R = [-0.15190234682656822, 0.98769072159316873, -0.037319103785394353, 0.0, 0.83339829797265308, 0.10769084044760191, -0.54207929292675805, 0.0, -0.53138776234014418, -0.11344479433827373, -0.83949825769484498, 0.0, -4.2500558774775383, 6.3183198465450179, 0.78455761074295949, 1.0]
Index3_L = [-0.15190234682656772, -0.98769072159316995, 0.037319103785394395, 0.0, 0.83339829797265197, -0.10769084044760126, 0.54207929292675816, 0.0, -0.53138776234014506, 0.11344479433827365, 0.83949825769484521, 0.0, 4.1987761103993222, 6.0961210167661353, 0.78212503852994031, 1.0]
Index3_R = [-0.15190234682656836, 0.98769072159316973, -0.037319103785394478, 0.0, 0.83339829797265397, 0.10769084044760198, -0.54207929292675805, 0.0, -0.53138776234014407, -0.11344479433827381, -0.83949825769484576, 0.0, -4.198776110399324, 6.096121016766137, 0.7821250385299402, 1.0]
Index4_L = [-0.35986807010029281, -0.92734121204431352, -0.10247484689570278, 0.0, 0.76687609386889755, -0.35656249743725849, 0.53360293079546461, 0.0, -0.53137921906534469, 0.11344297045349232, 0.8394847608384659, 0.0, 4.1353040751703398, 5.9325604261759244, 0.76405095073872253, 1.0]
Index4_R = [-0.35986807010029326, 0.92734121204431474, 0.10247484689570255, 0.0, 0.76687609386889954, 0.35656249743725887, -0.53360293079546561, 0.0, -0.53137921906534469, -0.11344297045349255, -0.83948476083846679, 0.0, -4.1353040751703425, 5.9325604261759279, 0.76405095073872342, 1.0]
Middle0_L = [0.30779969076814367, -0.87712132891844019, 0.3686263289555029, 0.0, 0.83156702023955442, 0.43626464093440059, 0.3437110699411825, 0.0, -0.46230237604058355, 0.20074656437048619, 0.86368117710211911, 0.0, 4.1911185663846515, 7.0641041402739821, 0.37994033041052661, 1.0]
Middle0_R = [0.30779969076814373, 0.87712132891843964, -0.36862632895550279, 0.0, 0.83156702023955453, -0.43626464093440104, -0.34371106994118211, 0.0, -0.46230237604058361, -0.20074656437048646, -0.86368117710212, 0.0, -4.191118566384656, 7.0641041402739848, 0.3799403304105281, 1.0]
Middle1_L = [-0.01512917366133364, -0.99030611735753749, 0.13795922480353018, 0.0, 0.88603958597151922, 0.050657463742993548, 0.46079878378569084, 0.0, -0.46332796794017295, 0.12921091660998704, 0.87669811157151623, 0.0, 4.3563127879315191, 6.5933584589796705, 0.57777983863587457, 1.0]
Middle1_R = [-0.015129173661333851, 0.99030611735753682, -0.13795922480353037, 0.0, 0.88603958597151922, -0.050657463742993653, -0.46079878378569011, 0.0, -0.46332796794017234, -0.12921091660998743, -0.87669811157151722, 0.0, -4.3563127879315235, 6.5933584589796732, 0.57777983863587601, 1.0]
Middle2_L = [-0.19375456118688184, -0.9801480128258192, 0.042059992544897645, 0.0, 0.8647424248084622, -0.15037910471187588, 0.47917289531278362, 0.0, -0.46333541711772913, 0.12921299400467656, 0.87671220672731998, 0.0, 4.3516484583120301, 6.2880467308607475, 0.62031271669897792, 1.0]
Middle2_R = [-0.19375456118688067, 0.98014801282581898, -0.042059992544898575, 0.0, 0.86474242480846275, 0.15037910471187466, -0.47917289531278284, 0.0, -0.46333541711772841, -0.12921299400467684, -0.87671220672732031, 0.0, -4.3516484583120327, 6.2880467308607493, 0.62031271669897881, 1.0]
Middle3_L = [-0.19375456118688164, -0.9801480128258182, 0.042059992544897604, 0.0, 0.86474242480846197, -0.15037910471187585, 0.47917289531278351, 0.0, -0.46333541711772902, 0.12921299400467653, 0.87671220672731975, 0.0, 4.302281165255522, 6.0794606668350477, 0.62496465890852626, 1.0]
Middle3_R = [-0.19375456118688059, 0.98014801282581854, -0.042059992544898554, 0.0, 0.86474242480846275, 0.15037910471187466, -0.47917289531278284, 0.0, -0.4633354171177283, -0.12921299400467681, -0.87671220672732009, 0.0, -4.3022811652555246, 6.0794606668350486, 0.62496465890852704, 1.0]
Middle4_L = [-0.40072456159000869, -0.91292012437260028, -0.077230291556074526, 0.0, 0.79038905960466765, -0.38710364403367226, 0.47476704699560429, 0.0, -0.46332796794017295, 0.12921091660998721, 0.87669811157151689, 0.0, 4.2157627606476158, 5.8823567199699722, 0.60829025895080324, 1.0]
Middle4_R = [-0.40072456159000902, 0.91292012437259962, 0.077230291556074304, 0.0, 0.79038905960466732, 0.38710364403367253, -0.47476704699560396, 0.0, -0.46332796794017234, -0.12921091660998749, -0.87669811157151656, 0.0, -4.2157627606476202, 5.8823567199699758, 0.60829025895080469, 1.0]
Ring0_L = [0.29401193836358064, -0.94054613591285974, 0.16999350575508412, 0.0, 0.9419642969706673, 0.3152768522898402, 0.11520249703279974, 0.0, -0.16195088456711823, 0.12625893358263413, 0.97867177253578208, 0.0, 4.2295847824663548, 7.0672986240844633, 0.27858777834013959, 1.0]
Ring0_R = [0.29401193836358058, 0.94054613591285974, -0.16999350575508407, 0.0, 0.94196429697066719, -0.31527685228984026, -0.11520249703279946, 0.0, -0.16195088456711795, -0.12625893358263415, -0.97867177253578241, 0.0, -4.2295847824663566, 7.0672986240844669, 0.27858777834013998, 1.0]
Ring1_L = [-0.13948436090238792, -0.98394244512964602, 0.11121701046050293, 0.0, 0.95526692241431543, -0.10413816870497312, 0.27674572162850491, 0.0, -0.2607241179571998, 0.14484596014695664, 0.95446866256801322, 0.0, 4.3842222911073652, 6.5726122109101723, 0.36799697839313272, 1.0]
Ring1_R = [-0.1394843609023883, 0.98394244512964557, -0.11121701046050297, 0.0, 0.95526692241431521, 0.10413816870497367, -0.2767457216285048, 0.0, -0.26072411795719963, -0.14484596014695683, -0.95446866256801288, 0.0, -4.3842222911073669, 6.5726122109101759, 0.36799697839313311, 1.0]
Ring2_L = [-0.30411361216144361, -0.95066809678134523, 0.06119706414734323, 0.0, 0.91626178540138881, -0.27431577235111332, 0.29191642237543131, 0.0, -0.2607283097616715, 0.14484828891480603, 0.95448400808356892, 0.0, 4.3422942404217668, 6.2768458006530565, 0.40142805569470885, 1.0]
Ring2_R = [-0.30411361216144428, 0.95066809678134501, -0.061197064147343147, 0.0, 0.91626178540138858, 0.27431577235111387, -0.29191642237543119, 0.0, -0.26072830976167144, -0.14484828891480628, -0.9544840080835697, 0.0, -4.3422942404217686, 6.2768458006530619, 0.40142805569470941, 1.0]
Ring3_L = [-0.30411361216144361, -0.95066809678134523, 0.06119706414734323, 0.0, 0.91626178540138858, -0.27431577235111326, 0.29191642237543125, 0.0, -0.26072830976167155, 0.14484828891480606, 0.95448400808356904, 0.0, 4.2665186013194711, 6.0640388679997974, 0.4130237091221593, 1.0]
Ring3_R = [-0.30411361216144434, 0.95066809678134523, -0.061197064147343161, 0.0, 0.91626178540138881, 0.27431577235111393, -0.29191642237543125, 0.0, -0.26072830976167144, -0.14484828891480628, -0.9544840080835697, 0.0, -4.2665186013194729, 6.0640388679998001, 0.41302370912216035, 1.0]
Ring4_L = [-0.5233731283293287, -0.85197502995196528, -0.013673425355240571, 0.0, 0.81121596910935923, -0.50311633033253789, 0.29794371162101774, 0.0, -0.2607241179571998, 0.14484596014695664, 0.95446866256801322, 0.0, 4.1726523268336049, 5.9112382794945075, 0.41057139847018931, 1.0]
Ring4_R = [-0.52337312832932914, 0.8519750299519655, 0.013673425355240328, 0.0, 0.81121596910935978, 0.503116330332538, -0.29794371162101752, 0.0, -0.26072411795719946, -0.14484596014695669, -0.95446866256801388, 0.0, -4.1726523268336067, 5.9112382794945111, 0.41057139847018981, 1.0]
Pinky0_L = [0.28644244553975173, -0.95763013722426749, -0.029378416445799593, 0.0, 0.94895813089340086, 0.28780300015163091, -0.12890207366388234, 0.0, 0.13189782744357481, 0.0090442834639757747, 0.99120583620765357, 0.0, 4.22801961046284, 7.0597290485804614, 0.17454218517590867, 1.0]
Pinky0_R = [0.2864424455397519, 0.95763013722426749, 0.029378416445799353, 0.0, 0.94895813089340075, -0.28780300015163135, 0.12890207366388237, 0.0, 0.13189782744357473, -0.0090442834639760366, -0.99120583620765357, 0.0, -4.2280196104628391, 7.0597290485804622, 0.17454218517590817, 1.0]
Pinky1_L = [-0.11822501081040683, -0.98996594689390272, 0.077188836557909105, 0.0, 0.98879503299557459, -0.11025029184917733, 0.1004843348501489, 0.0, -0.090967440449783152, 0.088205117864303142, 0.99192370051349454, 0.0, 4.3776642853713836, 6.5594391900103046, 0.15919416798495514, 1.0]
Pinky1_R = [-0.11822501081040637, 0.98996594689390272, -0.077188836557909313, 0.0, 0.98879503299557525, 0.11025029184917683, -0.10048433485014896, 0.0, -0.090967440449783193, -0.088205117864303337, -0.99192370051349465, 0.0, -4.3776642853713827, 6.5594391900103055, 0.15919416798495478, 1.0]
Pinky2_L = [-0.34759114823115062, -0.93623760815062507, 0.051376402713181162, 0.0, 0.93322293818861524, -0.34011578630474332, 0.11582831927000772, 0.0, -0.0909689029831562, 0.08820653598630275, 0.99193964821421399, 0.0, 4.3470478099470178, 6.3030698492399129, 0.17918359409125076, 1.0]
Pinky2_R = [-0.34759114823115078, 0.93623760815062462, -0.051376402713181279, 0.0, 0.93322293818861413, 0.34011578630474326, -0.11582831927000772, 0.0, -0.090968902983156241, -0.088206535986302931, -0.99193964821421399, 0.0, -4.347047809947016, 6.3030698492399146, 0.17918359409125045, 1.0]
Pinky3_L = [-0.34759114823115056, -0.93623760815062462, 0.051376402713181155, 0.0, 0.93322293818861479, -0.34011578630474326, 0.11582831927000768, 0.0, -0.090968902983156172, 0.088206535986302764, 0.99193964821421399, 0.0, 4.2569419213807684, 6.1280797250900818, 0.18648085140010701, 1.0]
Pinky3_R = [-0.34759114823115067, 0.93623760815062429, -0.051376402713181259, 0.0, 0.93322293818861435, 0.34011578630474332, -0.11582831927000775, 0.0, -0.0909689029831562, -0.088206535986302889, -0.99193964821421343, 0.0, -4.2569419213807667, 6.1280797250900818, 0.1864808514001067, 1.0]
Pinky4_L = [-0.55637801491807026, -0.83059611995796101, 0.022834966749126991, 0.0, 0.8259154163554937, -0.54981614051712824, 0.12463459524950014, 0.0, -0.09096744044978318, 0.088205117864303115, 0.99192370051349488, 0.0, 4.1684944883915751, 5.9960398301063016, 0.19011092688332193, 1.0]
Pinky4_R = [-0.5563780149180696, 0.8305961199579609, -0.022834966749127238, 0.0, 0.82591541635549359, 0.54981614051712779, -0.12463459524950041, 0.0, -0.090967440449783332, -0.088205117864303434, -0.99192370051349443, 0.0, -4.1684944883915742, 5.9960398301063025, 0.19011092688332176, 1.0]
Toe_L = [0.018174241583894798, -0.99983460134051783, -0.0006833045425874289, 0.0, 0.98834259655887835, 0.018068660947627265, -0.15117021968236147, 0.0, 0.15115756272877637, 0.0020720651069363739, 0.98850751022745809, 0.0, 1.8560575798674943, 0.14405394417418879, 1.0581910614054013, 1.0]
Toe_R = [0.018174241583895356, 0.99983460134051794, 0.00068330454258745687, 0.0, 0.98834259655887857, -0.018068660947627935, 0.15117021968236136, 0.0, 0.15115756272877626, -0.0020720651069364164, -0.98850751022745853, 0.0, -1.8560575798674941, 0.14405394417418879, 1.0581910614054015, 1.0]
UpperArm_L = [0.39608471106144233, -0.91715531218460244, -0.044079870632053979, 0.0, 0.91813983445408998, 0.39620613347586714, 0.0063201411946281353, 0.0, 0.011668164036832599, -0.042974796423813529, 0.99900801839641973, 0.0, 2.5003679657982412, 10.954914915265924, -0.44741347615801447, 1.0]
UpperArm_R = [0.39516878642727571, 0.91755017107564363, 0.044083032933902117, 0.0, 0.91830030452553491, -0.39582410852094335, 0.0069156215852811675, 0.0, 0.023794556980630335, 0.037748624778365658, -0.9990039341190996, 0.0, -2.4990297566936213, 10.954320181341176, -0.44741777067284183, 1.0]
UpperLeg_L = [0.099252939797461234, -0.99466666713089436, -0.028054861259337701, 0.0, 0.99503093812137711, 0.0989867467643476, 0.010726422810191432, 0.0, -0.0078921557798629499, -0.028980083915165926, 0.99954883253066595, 0.0, 1.1228907686272893, 5.7483279989326572, -0.12124984672074822, 1.0]
UpperLeg_R = [0.099252939797461304, 0.99466666713089413, 0.028054861259337635, 0.0, 0.99503093812137688, -0.098986746764347891, -0.010726422810191361, 0.0, -0.0078921557798628805, 0.028980083915165857, -0.99954883253066562, 0.0, -1.1228907686272902, 5.7483279989326599, -0.12124984672074807, 1.0]
Waist = [1.0, 0.0, 0.0, 0.0, 0.0, 1.0, 0.0, 0.0, 0.0, 0.0, 1.0, 0.0, 0.0, 9.4245083214000545, 0.28592976695270989, 1.0]
Wrist_L = [0.4279747713746147, -0.83425845722469638, 0.34763547232110203, 0.0, 0.78624088603792319, 0.53335867572760853, 0.31201569215088093, 0.0, -0.44571612511681435, 0.13979037726238974, 0.88419216589816663, 0.0, 4.0626491248630217, 7.3237216057482204, 0.23429539398952692, 1.0]
Wrist_R = [0.4279747713746147, 0.83425845722469638, -0.34763547232110209, 0.0, 0.78624088603792319, -0.53335867572760853, -0.31201569215088076, 0.0, -0.4457161251168143, -0.13979037726238991, -0.88419216589816663, 0.0, -4.0626491248630217, 7.3237216057482204, 0.23429539398952692, 1.0]
EyeAimPiv = [1.0, 0.0, 0.0, 0.0, 0.0, 1.0, 0.0, 0.0, 0.0, 0.0, 1.0, 0.0, -2.7755575615628914e-17, 14.936761973228794, 2.7870272656436246, 1.0]"""